
price|Цена|1,2,3,4,5,6,7,8,9,10,11,12|text||0|0|0|0|||0|0||||||||
link|Ссылка на оплату|1,2,3,4,5,6,7,8,9,10,11,12|text||0|0|0|0|||0|0||||||||
dlc|DLC|1,2,3,4,5,6,7,8,9,10,11,12|yesorno|1,2,3,4,5,6,7,8,9,10,11,12|0|0|0|0|||0|0|||||0|||
tip|Тип товара|1,2,3,4,5,6,7,8,9,10,11,12|select|Игровой Ключ&#124;Игровой Ключ__NEWL__Игровой Аккаунт&#124;Игровой Аккаунт|0|0|0|0|||0|0||||||||
img|Картинка|1,2,3,4,5,6,7,8,9,10,11,12|text||0|0|0|0|||0|0||||||||
date|Дата выхода|1,2,3,4,5,6,7,8,9,10,11,12|text||0|0|0|0|||0|0||||||||
activ|Активация в|1,2,3,4,5,6,7,8,9,10,11,12|select|social&#124;Social__NEWL__steam&#124;Steam__NEWL__uplay&#124;Uplay__NEWL__battle&#124;Battle.Net__NEWL__xbox&#124;XBOX__NEWL__origin&#124;ORIGIN|0|0|0|0|||0|0||||||||
author|Автор|14|text||0|0|0|0|||0|0||||||||
bigimg|Картинка слайдер|13|text||0|0|0|0|||0|0||||||||
img1|Картинка 1|1,2,3,4,5,6,7,8,9,10,11,12|text||0|0|0|0|||0|0||||||||
img2|Картинка 2|1,2,3,4,5,6,7,8,9,10,11,12|text||0|0|0|0|||0|0||||||||
img3|Картинка 3|1,2,3,4,5,6,7,8,9,10,11,12|text||0|0|0|0|||0|0||||||||
img4|Картинка 4|1,2,3,4,5,6,7,8,9,10,11,12|text||0|0|0|0|||0|0||||||||
img5|Картинка 5|1,2,3,4,5,6,7,8,9,10,11,12|text||1|0|0|0|||0|0||||||||
img6|Картинка 6|1,2,3,4,5,6,7,8,9,10,11,12|text||1|0|0|0|||0|0||||||||